88.63786279683377
97.01517150395779
97.4934036939314
98.22724274406333
98.40864116094987
98.35916886543535
98.68898416886543
98.61477572559367
98.92810026385224
98.83740105540898
98.91160949868075
98.92810026385224
99.03529023746702
99.05178100263852
99.09300791556728
99.09300791556728
99.24142480211083
99.24967018469657
99.10949868073878
99.28265171503958
99.3321240105541
99.31563324538259
99.40633245382587
99.45580474934037
99.43106860158312
99.53825857519789
99.41457783641161
99.46405013192611
99.58773087071239
99.57948548812665
99.65369393139841
99.57948548812665
99.6042216358839
99.56299472295514
99.7608839050132
99.68667546174143
99.70316622691293
99.70316622691293
99.68667546174143
99.67843007915567
