1.548189534360941
1.3442566916936305
1.3173181856527807
1.2999858544810152
1.2909643502222832
1.2880474347866935
1.280800002231447
1.2787832496663196
1.2732143269994327
1.269759913547687
1.2706761290970452
1.2691471218119197
1.2653459194153154
1.2648137468146774
1.2627760854434211
1.2622320066970383
1.259291040236843
1.258810855153368
1.259259385924226
1.2571517480709307
1.255027147899517
1.2553609788889621
1.2537459323777373
1.2518849278502855
1.2522767027323982
1.250209780984944
1.2510821526786582
1.2505360218969057
1.248651277106796
1.248785000677788
1.2471250279912218
1.2476906977731508
1.2471950878254028
1.2468602352217824
1.244943955328345
1.2468204070521534
1.245234143765432
1.2452762755995375
1.2448912874689833
1.2448297421347183
