1.4588014032092131
1.1881931639598353
1.1445034666866614
1.1285999371697217
1.116053949874435
1.1058596507855016
1.0995590186685245
1.0951429218604256
1.0925414728929626
1.0867382335159583
1.0856442618181334
1.0817124095000819
1.0796069340844268
1.0795723398002282
1.0777291090947656
1.0747550468017055
1.0744957508701134
1.0721408317460235
1.072025920281624
1.0712771620159098
1.0683032865574618
1.0683210371037586
1.0668387183413341
1.0665419862893137
1.067440562638255
1.0645774580872467
1.0635123057856095
1.0624032781746897
1.0615677141577085
1.061708871481601
1.0604503579378757
1.0602484985517637
1.0594617725991322
1.0600976217390679
1.059169515141711
1.0594849102100785
1.0591922054819192
1.0581779222060634
1.0583253202463518
1.0588956089950803
