81.83542216358839
95.15171503957784
96.98218997361478
97.28726912928761
97.7160290237467
98.12005277044855
98.42513192612137
98.48284960422163
98.44162269129288
98.70547493403694
98.7302110817942
98.89511873350924
98.82091029023746
98.85389182058047
98.936345646438
99.05178100263852
98.96108179419525
99.13423482849603
99.10949868073878
99.14248021108179
99.19195250659631
99.24967018469657
99.3321240105541
99.29089709762533
99.10949868073878
99.35686015831135
99.3321240105541
99.43931398416886
99.46405013192611
99.44755936675462
99.48054089709763
99.53825857519789
99.53825857519789
99.53001319261213
99.5547493403694
99.52176781002639
99.5712401055409
99.56299472295514
99.48878627968337
99.54650395778364
